-4.053780725283423e-05,0.0004477223006259697,0.103630293793652,0.7896412345764506,0.1365762160246201,-0.5981752735385969,-0.6135664459298084,0.1730449595466509,-0.7704489979256004,-0.001713792765345457,0.9753985745283282,0.2204420189584172,
0.009873387017532115,0.007560591558408635,0.06245027744374858,0.7921433405404905,-0.0002359721163341585,0.6103350492594319,0.6103350887751108,0.0001648707538413341,-0.7921433280836953,8.629733790055291e-05,0.9999999585673968,0.0002746233322765274,
0.002142645597708165,-0.0006621308708055357,0.07202732092408981,0.9549265039584299,-0.06396094264620281,-0.2898695738664885,-0.2968401350423496,-0.2019977158997741,-0.9333181970792778,0.001142919844173591,0.9772952064688966,-0.2118791475042942,
0.004528013936234246,-0.002441825479133106,0.07993960627362387,0.8836331752572005,-0.08636828098526209,-0.4601444682102878,-0.4681784834852575,-0.1654203768924412,-0.8680121004399693,-0.001148558366910818,0.9824340277842649,-0.1866067036986192,
0.01247515736858452,0.0005001273218221732,0.06190378092483539,0.9990844891423573,-0.0001364774962513936,0.04278042693859135,0.04278053312995585,0.0009041092348493762,-0.9990840848355099,9.767431537698577e-05,0.999999581980105,0.0009091200930782389,
0.0002191570173854477,8.017122271113813e-05,0.09482006377738471,0.9995817582203212,0.01531715164102833,0.02452944146891491,0.02888755543853362,-0.56840473586961,-0.8222417925292926,0.001348248477405514,0.8226064922589685,-0.5686094803284927,
-0.001025388726264308,-4.037218822668803e-05,0.09711933444404458,0.9372044792973332,0.2281613886558086,0.2637994403171991,0.3487801289297673,-0.61215546433893,-0.7096605591011269,-0.0004308697590457997,0.7571050575756593,-0.6532930017569518,
-0.009260381182125311,-0.003854926348864278,0.1116743464513715,0.9238771808619055,0.009766580531013064,0.3825644633096356,0.3825373700649587,0.00457975608348965,-0.9239286695075548,-0.01077567568382653,0.9999418181769113,0.0004950501085881909,
-0.0003632123054809282,-4.251438229551166e-05,0.05914394182237402,-0.9835977249273875,0.06178079074309396,-0.1694657765238336,0.1803756620831113,0.334971233450469,-0.924802083306883,-0.000368843797729753,-0.9402007267896731,-0.3406206941723061,
-0.002397693282613692,0.0008518991963137722,0.07790775774491858,-0.9429371237805413,-0.02932064946933458,-0.3316773735291225,0.3329625837490574,-0.07601590964863161,-0.9398710014163875,0.002344870920237175,-0.9966754140616632,0.08144090241015214,
-0.0002805263792196647,-7.921584525320477e-05,0.1013833051896344,0.9999778478299663,0.002091237960236441,0.006319064261606971,0.006475228228530036,-0.08581782764143309,-0.996289803158847,-0.001541190688104545,0.9963086505610093,-0.08582946783339594,
-0.01053705153832292,-0.005892061677834565,0.1076853904744713,-0.8742720941898185,-0.0004874007798864599,0.4854359563953091,-0.4854359337227534,-0.0001717235769351511,-0.8742722257750909,0.0005094817634810283,-0.9999998664757375,-8.646872145229301e-05,
0.0005714905726831015,-5.637466775759714e-07,0.09575912534158511,-0.9898798942233755,-0.07955540160869821,0.1175105658534476,-0.1419076804490331,0.5545176851346267,-0.8199831383037763,7.240092420382721e-05,-0.8283604740376098,-0.5601954300155368,
-9.355607189010396e-05,-0.0008569902435182769,0.1004124097859725,0.994477758996658,-0.06486298151251102,-0.08250321503003656,-0.104947203290539,-0.6166377764284712,-0.7802204414156593,-0.0002671749970946487,0.7845703577823084,-0.6200397425220923,
-0.0003622819884476214,0.0006174273457090866,0.1066016005477544,0.9136667923187074,-0.09006031864472643,0.3963611126481185,0.4064610349034239,0.2061717599431595,-0.8901025966186022,-0.001555544689721871,0.9743625323294975,0.2249783008940366,
-0.01061394960037934,-0.004513830183615675,0.1156703342620173,-0.9238453083966736,-0.01710184820504909,0.3823838031891871,-0.3825634190109395,0.008753543560152843,-0.9238877669445575,0.01245297507087403,-0.9998154340992701,-0.01462946167062301,
0.0009872502548533314,0.0006345538387133934,0.09168371911198965,-0.8656729921458299,-0.2473971092662486,0.4352067795841318,-0.5006087856048331,0.4259739329207521,-0.7536159846017608,0.001055672554085684,-0.8702533417337338,-0.4926032955195578,
-0.001205711092041642,0.0009028268667814476,0.1115137903835282,0.9633523483016504,0.1704605777772052,0.2071121542680608,0.2682388138144107,-0.6109295770547601,-0.7448576982505647,-0.0004379327957037594,0.7731159313476555,-0.6342645858877141,
0.0001188255694327343,3.763961605257119e-05,0.04264680347362892,-0.8386353740263048,-0.002367611209026839,0.544688079407768,-0.5446932249383366,0.003666855243673869,-0.8386273575783804,-1.174880814395567e-05,-0.9999904742495225,-0.004364776303623915,
-0.005125381803531921,-0.005518076988291522,0.1112276126371469,0.9858521177173495,0.09357457674943762,0.1390661733793703,0.1675446865402007,-0.5745656711127622,-0.8011261246463557,0.004937611200101618,0.8130916849684947,-0.5821147067638233,
-0.0005967159644260055,0.0005631816620432287,0.09726429400535326,0.8008536293969923,-0.257722949775257,-0.5405666891705454,-0.5988600060268628,-0.345250069888411,-0.7226126780119163,-0.0003968162932486441,0.9024307565687175,-0.4308347387753705,
-0.0009722293078736699,0.000320083159587016,0.04991329680778919,-0.9533821118251053,0.09075850772036959,-0.2877940967571675,0.3017585677666538,0.280165226224637,-0.9112898621151866,-0.002077409762188811,-0.9556517876773265,-0.2944916723403402,
0.001030380614076737,0.0003206480515844969,0.09843856571155515,-0.9235712404763213,0.1040756740615782,0.3690317301176931,-0.3834267216832285,-0.2498466599106142,-0.8891347454861733,-0.0003359527971025538,-0.9626759063153801,0.2706565841349143,
-0.003275890037094489,7.697838772441034e-06,0.06885206143781933,-0.9998817281281721,0.0001447022589559782,-0.01537884315142214,0.0153787958466234,-0.0003225340638135649,-0.9998816873060959,-0.0001496453396202891,-0.9999999375165151,0.0003202705706072118,
0.002450487786498657,0.001975513435729322,0.04984114661208512,0.7723670440042245,0.1886094985653708,0.6065274984591348,0.6351742207926355,-0.2318878695322633,-0.7367372158403949,0.001690732576317618,0.9542821768296356,-0.2989024396164207,
0.00215175993160742,0.0001468119510432137,0.1099754378898597,-0.9977885523521477,-0.0005110815396127885,0.06646610858674609,-0.06646591835159184,-0.000380626592320632,-0.9977886233171215,0.0005352501142292155,-0.9999997969595079,0.0003458153526553764,
-0.006639665249182867,0.004479914962501325,0.07498361141107249,-0.8266626631268077,0.001365495497939063,-0.5626961674066564,0.562689391072977,-0.003468788832908513,-0.8266611256603007,-0.003080676227230933,-0.9999930514388977,0.002099168384188048,
0.00165973697323216,-0.001426287433761966,0.09210759223818854,0.7791908652319146,-0.2172541305908366,-0.5879304706173683,-0.6267865422594129,-0.2693683095327392,-0.7311493310275021,0.0004753752514636501,0.9382117866242646,-0.3460612914754786,
-0.0005913392881303756,-0.0002600969966777113,0.08987573924360104,0.9388494689968353,0.02656615437561093,0.3433014914125069,0.3443278181263687,-0.0729221567547618,-0.9360132011454583,0.0001680139716863224,0.9969837503670383,-0.0776103941194745,
-0.001016883515563496,-0.001201342849589081,0.1096137008747027,0.8726818909660329,-0.1428306392307051,-0.4669322495575745,-0.4882877337378731,-0.2529471469142371,-0.8352202284122909,0.001185858794708079,0.956878858249515,-0.2904848436218721,
-0.01169024630485605,0.004308764138101453,0.06034411235798029,0.9373922779442809,0.0009604528985452249,-0.3482740225464167,-0.3482741358278884,-5.20731227179605e-05,-0.9373927264501936,-0.0009184572771097973,0.9999995374092028,0.0002856879601199624,
-0.0004006660611523345,-0.0002957650567580686,0.09776138902534205,0.874419962958408,-0.03348993897132305,0.4840125539358597,0.4851670480279338,0.06371450766051938,-0.8720971259105479,-0.001632142051723427,0.9974060785363577,0.07196145225777702,
-0.0004353636623383351,0.0003088710931981479,0.06522767668571307,0.8277896886113886,0.001040662065125972,-0.5610375642068243,-0.5610381620058575,0.0003910969686692356,-0.8277898452000064,-0.0006420293991251774,0.9999993820326228,0.0009075971701990038,
0.000984543220430419,-0.0005485639364693619,0.09949966078655233,0.8922173637576034,0.002734850393664513,-0.4515979366679578,-0.4516011360301181,0.0006592549791833782,-0.8922196922951092,-0.002142369188371148,0.9999960429802695,0.001823260284222375,
0.0004487260169444753,-0.0003049962380771988,0.09592897139173082,0.9293251087880979,-0.003295334573412162,-0.3692478611258829,-0.3692251634698427,0.005939450379484429,-0.9293209895347557,0.005255552935499429,0.9999769315835435,0.004302959923499994,
-0.001333625008758214,-0.00133425466801183,0.09714054585318309,0.7243262861233739,-0.1182832744489628,0.6792352303998607,0.6894569225036018,0.1253565767251393,-0.7133967204043041,-0.0007637032034655484,0.9850354286305573,0.1723502860456907,
-0.0003045520566885996,0.00267076501011692,0.1114359323044426,0.9441763115931716,-0.1295368578583785,0.3029047623965199,0.3294404632344244,0.3720106060968087,-0.8678001441203921,-0.0002716803303356056,0.9191454245154372,0.3939182843968211,
-0.0001180058108029671,8.771772271359629e-05,0.08067727439508279,0.6729803475793125,0.0004447733561798589,-0.7396602287190311,-0.7396600731166862,-0.0004798151856562766,-0.6729804945274462,-0.0006542240031599223,0.9999997859770018,6.074902735533905e-06,
-0.0005754164860861864,0.0002144268647893906,0.07198840207486767,-0.9139006521066304,0.0002409315221867589,-0.4059378524245768,0.4059379239230915,0.0005431401738038993,-0.9139004907098816,2.937193654920119e-07,-0.9999998234753611,-0.0005941794009488577,
0.003616381835142369,0.004142520298331253,0.08662946556035971,-0.648232175121172,-0.000528041202659188,0.7614425574593022,-0.7614425856075787,-0.0001884117286316059,-0.6482323297431759,0.0004857580875046712,-0.999999842836742,-0.0002799385139910932,
-0.01231329718714184,-0.001914432351745652,0.04428498968086526,0.9885767915244631,0.0003014746845311769,0.1507177374173754,0.1507174423918186,0.0008361245967907771,-0.9885765288810615,-0.000424049604606686,0.9999996050042588,0.0007811358778116971,
0.0001303323116600202,-0.0004832192075977289,0.0395199560770456,-0.8903802804888132,-0.1317223039295139,0.4357432624426489,-0.4552172940609617,0.2567711363506078,-0.852552519628576,0.0004138894518679102,-0.957453820392774,-0.2885862271675547,
0.0006796522847376911,0.0003227675879389109,0.09727027541943745,-0.8720838278259291,-0.1750819877768904,0.4569639972695526,-0.489356116656768,0.3132030688732513,-0.8139007487028042,-0.0006231653734255775,-0.9334078075549135,-0.3588167728248598,
-0.00264590886530704,0.001887030684187867,0.04804183049142898,0.8068885602788838,0.0004897163736897608,-0.5907034886209355,-0.5907035903455002,8.337622604884243e-05,-0.8068886301103398,-0.0003458959463139496,0.9999998766131315,0.0003565525431875605,
0.008326108392149447,-0.009297578080017856,0.0538849829723172,-0.6689129227760978,-0.0004027627013693316,-0.7433406618269615,0.7433407306093714,-3.302031380129911e-05,-0.6689129667802719,0.0002448678515666732,-0.9999999183459293,0.0003214776353137466,
-1.931734977933183e-05,0.0005803353896186164,0.08075696341989418,0.9349199279258033,-0.2003626407440931,-0.2928814445492651,-0.3548028710078795,-0.5131517825581339,-0.7815306588880414,0.006296911288622547,0.8345837646704277,-0.5508450677429725,
-0.006527281880018055,0.00234184572952883,0.1068798218875416,0.9376770952448761,-0.0003175953163948309,-0.3475076462271681,-0.3475022792556346,-0.00648929764284753,-0.9376566828686509,-0.001957285178667996,0.9999788938519241,-0.006195230860252893,
-0.0004510649190707042,0.0001047152809036528,0.07474933000379316,0.9235589903385565,-0.2249188378622364,-0.310564498517662,-0.3834561873440813,-0.5409184790945779,-0.7485776855888437,0.0003791468933013756,0.8104435300184153,-0.5858166444365708,
-0.0003443372375975043,5.836464039809565e-05,0.1034951327054307,0.7826249464366651,-0.1146693445680864,0.6118407755546638,0.6224905297666105,0.1472173288289956,-0.7686563591380351,-0.001932243745368615,0.9824347304064434,0.1865965351375197,
-0.0004327897484513133,0.0002177585424821063,0.1099505308665058,0.8728748090292063,-0.04876593284314856,0.4855012374404045,0.4879235452485916,0.09639353492703392,-0.8675476358196802,-0.004492410741714923,0.9941479619343431,0.1079335352312686,
0.0007879825067917566,0.0002311094922931856,0.06683076929412632,-0.9512802156832274,-0.1213963597492914,0.2834234907153855,-0.3083275084623935,0.3754797466530137,-0.8740418224425888,-0.0003142849761590169,-0.9188459521013356,-0.3946162915186663,
0.01245205193577564,9.531571728098372e-05,0.05505851085772032,-0.9999447215198475,0.0007002014660524067,0.01049112112700583,-0.01049123514182985,-0.0001593574814127419,-0.9999449527800979,-0.0006984910832683257,-0.9999997421615169,0.0001666946506004297,
0.002085124581957558,0.0002840029179457787,0.04115034159531618,-0.9891451112758629,6.088725592664525e-05,0.1469419787936825,-0.1469419174789733,0.0005932501546438151,-0.9891449443543938,-0.0001473996730184768,-0.9999998221734823,-0.0005778636000937781,
-0.01000485144202551,-0.004940685286589154,0.05266707150527963,-0.8980947307007893,0.0004273943980060979,0.4398018554093493,-0.4398019777140327,-0.0002497075850402819,-0.8980947377893648,-0.0002740188005995383,-0.999999877490068,0.0004122299678473301,
6.951633933072795e-05,8.479623660329061e-05,0.09275794749972384,0.9854756755114134,-0.06664581548054269,-0.1561922797524169,-0.1698149724772748,-0.3826711535502889,-0.908144076324365,0.0007537226719547273,0.9214776847647614,-0.3884305708652566,
0.002318082446155972,0.0001239669372856285,0.07786224230436779,-0.9969121245677522,0.002963108803876909,0.07846933079889616,-0.07847817702992135,-0.002997392185847936,-0.9969113257307013,-0.002718753366991902,-0.9999911177737034,0.003220675989426214,
0.0006703830778563406,-0.0003099090625038634,0.09591698949522129,-0.9104786042302261,-0.0007179772642286579,-0.4135555533995751,0.4135508387387269,0.003500120933763257,-0.9104743010826528,0.002101194297569838,-0.9999936168106762,-0.002889865122593142,
0.0001000537551024915,0.000162755454057896,0.07719466456361743,-0.9965173926929271,-0.0461413852791706,0.06945544345124696,-0.08338516636094349,0.551329798932685,-0.8301098522724585,9.562844982412373e-06,-0.8330104593421166,-0.5532572408339431,
-0.005475007857681514,-0.009229587324741925,0.05744240113652103,-0.5127398102704445,0.0005506486764664809,0.85854387409722,-0.8585439975840301,2.284626887869012e-05,-0.5127398986722999,-0.0003019540707671399,-0.99999984813203,0.0004610419243879504,
-0.001198520236676274,0.0001350746206540982,0.0839727305496535,-0.9909567401272128,-0.01462756465788007,-0.1333820585709598,0.134181374281422,-0.110345984292415,-0.9847939492840555,-0.0003130373721195252,-0.993785589603068,0.1113108436087251,
-0.003191897824987739,-0.003049572749894468,0.07924156801305675,-0.7276478208645984,-0.002003428014720907,0.6859479827706995,-0.6859509079672701,0.002162374359517411,-0.7276446083054607,-2.549273686644634e-05,-0.9999956551972211,-0.002947700256341612,
-0.0007501597720595142,0.0005019585715431065,0.08646492838759291,-0.8416977298211937,-0.0006177897055033021,-0.5399486549198255,0.539945992299289,0.002379353187326669,-0.8416963015710276,0.001804719863347065,-0.9999969785025801,-0.001669123100645542,
0.0008905203788806376,4.362938921725207e-05,0.09502014295733759,0.996387825993406,-0.01566162605502286,0.08346264842099572,0.08491464377065405,0.17337842270912,-0.9811877627713264,0.0008963734919309297,0.9847307428978799,0.1740820510746373,
-0.0001680539930404411,0.001927445275183702,0.1112464978724734,0.9959935268615465,-0.02894404558776973,0.08461168166932254,0.08942511158997647,0.3245854907142831,-0.9416195668288168,-0.0002094445461685215,0.9454134024027697,0.3258733721711562,
0.0002308928370889029,0.0001320640926575703,0.06585559144731211,-0.9956697929402657,-0.04058226845003581,0.0836345796530291,-0.09295948340933557,0.4389633870771489,-0.8936832096722123,-0.0004448264370599364,-0.8975880036482256,-0.4408350914301571,
0.01073356294648892,-0.006330327781870601,0.09607291766855516,0.8624888415767954,-0.0005824432001949389,-0.5060757442472782,-0.5060755106447582,0.0005066152499885179,-0.8624890265195473,0.0007587365584240983,0.9999997020504094,0.0001421897601275174,
0.01040976975573361,0.003544932107213113,0.05738278809166929,-0.9455801623892329,0.0001071823220797144,0.3253892207924257,-0.3253892124567757,8.820022605328381e-05,-0.9455801672187714,-0.0001300488808642707,-0.999999990366335,-4.852441270364327e-05,
0.0009363197369671433,-6.701719820759872e-05,0.08401026046298415,-0.9861439300897629,-0.09371705721301993,0.1368841200959744,-0.1658913691411848,0.5548585660743276,-0.8152374042562108,0.0004503238620746907,-0.8266493118858038,-0.5627172579254587,
0.0005170318483573959,-0.0002395804757962423,0.0812410242651624,-0.9275603341769171,-0.08090192450578723,-0.3648105057051771,0.3736729705698977,-0.2023384915175494,-0.9052224289730517,-0.0005809708044165468,-0.975968244084644,0.2179120212637699,
0.0002282771346136239,-0.001117800679611647,0.1008197553400696,0.9676369690085614,0.04368525164201865,0.2485363051887943,0.2523463436736597,-0.1669750405730189,-0.9531215340449373,-0.0001379944174128402,0.9849928601845868,-0.1725950356844848,
-0.005893458562930052,-0.00127950168210238,0.09132691377687444,-0.97826847697818,-0.0007442378630444779,0.2073408620142128,-0.2073407619465112,-0.0002100314318329022,-0.9782687587377195,0.0007716127486124113,-0.9999997009983562,5.115628334306788e-05,
-0.0002125756492591963,-0.0002689087269455125,0.06593127152342609,-0.8280154739657523,-0.2522564237902303,0.5007564992387362,-0.5607003529793012,0.3687820315543594,-0.7413601873391413,0.002342870495316803,-0.8946320527787965,-0.4467974945080142,
-0.001266513953711319,0.0001256354018850292,0.1141961088956076,0.9870506356302006,-0.001724525291997139,-0.1603997154440562,-0.1604031152846202,-0.002056454250835726,-0.9870494473950651,0.001372337059826746,0.9999963984977305,-0.002306443704655325,
0.0002405076951348555,-2.052013697625282e-05,0.08979653895238308,0.9964986049180961,-0.03049917184160483,-0.07784812723029727,-0.08360547864768789,-0.372495603198344,-0.9242603256323368,-0.0008089106126727185,0.927532655012684,-0.3737412467854499,
-0.0005810018065273148,-0.0009781244649545578,0.03696821435898606,0.9960932410822213,0.02807653435334237,0.0837255235219313,0.08830601712245835,-0.3107872928173454,-0.9463684831836036,-0.0005499184339289943,0.9500647171861358,-0.3120524487129444,
0.001440530797901921,0.0007804925987870198,0.06277019243492943,-0.8687515766672536,-0.0002886970516418896,0.4952480335066203,-0.495248072848418,8.106028377863339e-05,-0.8687515984268226,0.0002106610789378687,-0.9999999550416205,-0.0002133979078010606,
-0.00292343271988819,-0.001142015737837746,0.1056847937024628,0.9357933115595816,0.0002686896452884294,0.3525490119773792,0.3525491132647811,-0.0006341556262668413,-0.9357930971015219,-2.786697584332884e-05,0.99999976282623,-0.0006881648897382464,
0.007055016997598991,0.002379069694717392,0.04411211658237052,-0.9462344706072325,-0.001613057944151217,0.3234775489562144,-0.3234815670678663,0.004869953747279152,-0.9462219397783046,-4.900988481047817e-05,-0.9999868407107008,-0.005129912617484092,
-0.003023496072194357,-0.001755672124034146,0.1028627512465988,-0.8730601795442032,-0.003096058265513662,0.4876026428532356,-0.4876103457914633,0.002590320055028947,-0.8730575244044013,0.001439990060033322,-0.9999918522994219,-0.003771175333757995,
-0.0008671686849343937,0.0001661179780369504,0.07295790827826115,0.9729405859685438,-0.1202311369493626,-0.1973096294737038,-0.23105472545854,-0.5083972994444793,-0.8295455983614399,-0.0005744723364865794,0.8526879028257786,-0.5224203387657401,
-0.001524281867638711,-0.0008598533578568976,0.08259273930186803,0.8818691101978191,0.1324751771883494,0.4525010496206857,0.4714942779895001,-0.2475023071052442,-0.8464252795142296,-0.0001352851316814988,0.9597879637745499,-0.280725927358761,
0.01026663658735009,0.006116780852866758,0.08180343299661154,-0.8590818544792009,0.0007670365107019794,0.5118376490251263,-0.5118380401795264,-0.000440449203794796,-0.8590818509488373,-0.0004335086603738616,-0.9999996088296685,0.0007709803831839057,
0.00200995472827584,-0.0008669410767293004,0.05358645205812811,0.9224753801373952,-0.002002176124346347,-0.3860507276655951,-0.3860529405869459,-0.0008557174092486131,-0.9224762299441046,0.001516609554354757,0.999997629516432,-0.001562324222763728,
-0.0001334461644920994,-0.0001938992173975036,0.09155963027776103,0.8372038043484499,0.1628928453547907,0.522068684098848,0.5468883577611472,-0.2523417663599642,-0.7982711050111038,0.00170708224695395,0.9538288913020793,-0.3003456874796918,
-0.002044558657166138,-0.0008374430368926969,0.09742745954342384,0.9300618867136794,0.0006413427033973018,0.3674023347260166,0.3674021451891485,0.0003961079972741068,-0.9300620983616449,-0.0007420195434927599,0.9999997158889553,0.0001327742662575564,
0.002019783391718216,-0.001458029823722036,0.09555664359611671,0.9002766110032596,0.02716917685192485,-0.4344696301350356,-0.4352866441088865,0.04414783365836689,-0.8992088223787049,-0.005249870561204235,0.9986554984640412,0.05157164188416541,
0.000498442401963031,-0.000339229658115534,0.08600022171476826,0.8742908658064121,0.001855623946653565,-0.4853988448968981,-0.4854023880727155,0.0034662530591353,-0.8742839966183957,6.017291072359424e-05,0.9999922708448795,0.003931237683246061,
0.006926501778611861,-0.005184889650563641,0.04101323700176799,-0.8041675851147347,-0.0003992194116081565,-0.594402503085744,0.5943987518733973,-0.004155737328689457,-0.804159718972918,-0.002149144500492393,-0.9999912851975843,0.003579204771966521,
-0.01143841113012322,0.004968340899290302,0.0912078106977942,-0.9167494350729766,-0.0003577765202682909,-0.3994625705736899,0.3994627265365632,-0.000967080258092709,-0.9167489268407951,-5.832112484392156e-05,-0.9999994683757266,0.001029488664553491,
-0.000364861054030859,-5.221602557943517e-05,0.0978961786891215,-0.9967136941072758,-0.02979098275315471,0.0753280115603024,-0.08100432045193244,0.3703980994217589,-0.9253342898719736,-0.0003347344446776856,-0.928395252729865,-0.37159405627849,
-0.001064594929539533,0.0007311418580360304,0.04793174477249787,-0.8163891169320874,0.0004875418621501197,-0.5775020104361362,0.577498723790445,0.00416699147422072,-0.8163809528660385,0.002008426063848501,-0.9999911992037661,-0.003683441293088681,
0.001006541611099575,-0.0004522525018640991,0.0808649750882986,-0.923423337062136,0.2308990519574051,-0.3065533695365301,0.3837828196891777,0.5561849738996231,-0.7371356877262828,0.0002964463745479466,-0.7983382131737445,-0.6022092738459777,
-0.0006205189204318135,-0.0005748629428731965,0.0409030565172638,-0.7562179538568929,-0.0007298965315227605,0.6543193971720141,-0.6543188880094984,0.002517079105742009,-0.7562145575871898,-0.001095015300433583,-0.9999965657760175,-0.002381045497908438,
-0.008653140183691411,0.008944301140568548,0.04408422178754862,-0.6945020874809134,4.968578157457659e-05,-0.7194906865387325,0.719490687773959,1.141921890225606e-05,-0.6945020878846637,-2.629085739409701e-05,-0.9999999987004622,-4.367912852260014e-05,
0.0008446319822019658,0.0002478126256259747,0.08825788810734661,0.9512542706362155,0.1428419961720083,0.2733340021401611,0.3084072247237263,-0.4421462338248865,-0.8422539353738148,0.000544366210030325,0.8854958340071766,-0.4646469967850482,
-0.00901007937980625,0.002789485792908763,0.06719082961155556,-0.9543404296478917,-0.001324948568981119,-0.2987182432506723,0.2987166496276293,0.001275510433999261,-0.9543409958229696,0.00164547097282786,-0.9999983087907812,-0.0008214869781485723,
0.0006328559352293817,-0.0002858792527628178,0.09890638635924819,-0.9379698300041243,0.001113855671107606,-0.3467150953269539,0.346710744899594,-0.002937800800464088,-0.937967498742694,-0.002063340302373613,-0.9999950643138202,0.002369382787956707,
